2000 156 156
1999 56 56
1998 56 56
1997 56 56
1996 56 56
1995 56 56
1994 56 56
1993 56 56
1992 56 56
1991 56 56
1990 56 56
1989 56 56
1988 56 56
1987 56 56
1986 56 56
1985 56 56
1984 56 56
1983 56 56
1982 56 56
1981 56 56
1980 56 56
1979 56 56
1978 56 56
1977 56 56
1976 56 56
1975 56 56
1974 56 56
1973 56 56
1972 56 56
1971 56 56
1970 56 56
1969 56 56
1968 56 56
1967 56 56
1966 56 56
1965 56 56
1964 56 56
1963 56 56
1962 56 56
1961 56 56
1960 56 56
1959 56 56
1958 56 56
1957 56 56
1956 56 56
1955 56 56
1954 56 56
1953 56 56
1952 56 56
1951 56 56
1950 56 56
1949 56 56
1948 56 56
1947 56 56
1946 56 56
1945 56 56
1944 56 56
1943 56 56
1942 56 56
1941 56 56
1940 56 56
1939 56 56
1938 56 56
1937 56 56
1936 56 56
1935 56 56
1934 56 56
1933 56 56
1932 56 56
1931 56 56
1930 56 56
1929 56 56
1928 56 56
1927 56 56
1926 56 56
1925 56 56
1924 56 56
1923 56 56
1922 56 56
1921 56 56
1920 56 56
1919 56 56
1918 56 56
1917 56 56
1916 56 56
1915 56 56
1914 56 56
1913 56 56
1912 56 56
1911 56 56
1910 56 56
1909 56 56
1908 56 56
1907 56 56
1906 56 56
1905 56 56
1904 56 56
1903 56 56
1902 56 56
1901 56 56
1900 56 56
1899 56 56
1898 56 56
1897 56 56
1896 56 56
1895 56 56
1894 56 56
1893 56 56
1892 56 56
1891 56 56
1890 56 56
1889 56 56
1888 56 56
1887 56 56
1886 56 56
1885 56 56
1884 56 56
1883 56 56
1882 56 56
1881 56 56
1880 56 56
1879 56 56
1878 56 56
1877 56 56
1876 56 56
1875 56 56
1874 56 56
1873 56 56
1872 56 56
1871 56 56
1870 56 56
1869 56 56
1868 56 56
1867 56 56
1866 56 56
1865 56 56
1864 56 56
1863 56 56
1862 56 56
1861 56 56
1860 56 56
1859 56 56
1858 56 56
1857 56 56
1856 56 56
1855 56 56
1854 56 56
1853 56 56
1852 56 56
1851 56 56
1850 56 56
1849 56 56
1848 56 56
1847 56 56
1846 56 56
1845 56 56
1844 56 56
1843 56 56
1842 56 56
1841 56 56
1840 56 56
1839 56 56
1838 56 56
1837 56 56
1836 56 56
1835 56 56
1834 56 56
1833 56 56
1832 56 56
1831 56 56
1830 56 56
1829 56 56
1828 56 56
1827 56 56
1826 56 56
1825 56 56
1824 56 56
1823 56 56
1822 56 56
1821 56 56
1820 56 56
1819 56 56
1818 56 56
1817 56 56
1816 56 56
1815 56 56
1814 56 56
1813 56 56
1812 56 56
1811 56 56
1810 56 56
1809 56 56
1808 56 56
1807 56 56
1806 56 56
1805 56 56
1804 56 56
1803 56 56
1802 56 56
1801 56 56
1800 56 56
1799 56 56
1798 56 56
1797 56 56
1796 56 56
1795 56 56
1794 56 56
1793 56 56
1792 56 56
1791 56 56
1790 56 56
1789 56 56
1788 56 56
1787 56 56
1786 56 56
1785 56 56
1784 56 56
1783 56 56
1782 56 56
1781 56 56
1780 56 56
1779 56 56
1778 56 56
1777 56 56
1776 56 56
1775 56 56
1774 56 56
1773 56 56
1772 56 56
1771 56 56
1770 56 56
1769 56 56
1768 56 56
1767 56 56
1766 56 56
1765 56 56
1764 56 56
1763 56 56
1762 56 56
1761 56 56
1760 56 56
1759 56 56
1758 56 56
1757 56 56
1756 56 56
1755 56 56
1754 56 56
1753 56 56
1752 56 56
1751 56 56
1750 56 56
1749 56 56
1748 56 56
1747 56 56
1746 56 56
1745 56 56
1744 56 56
1743 56 56
1742 56 56
1741 56 56
1740 56 56
1739 56 56
1738 56 56
1737 56 56
1736 56 56
1735 56 56
1734 56 56
1733 56 56
1732 56 56
1731 56 56
1730 56 56
1729 56 56
1728 56 56
1727 56 56
1726 56 56
1725 56 56
1724 56 56
1723 56 56
1722 56 56
1721 56 56
1720 56 56
1719 56 56
1718 56 56
1717 56 56
1716 56 56
1715 56 56
1714 56 56
1713 56 56
1712 56 56
1711 56 56
1710 56 56
1709 56 56
1708 56 56
1707 56 56
1706 56 56
1705 56 56
1704 56 56
1703 56 56
1702 56 56
1701 56 56
1700 56 56
1699 56 56
1698 56 56
1697 56 56
1696 56 56
1695 56 56
1694 56 56
1693 56 56
1692 56 56
1691 56 56
1690 56 56
1689 56 56
1688 56 56
1687 56 56
1686 56 56
1685 56 56
1684 56 56
1683 56 56
1682 56 56
1681 56 56
1680 56 56
1679 56 56
1678 56 56
1677 56 56
1676 56 56
1675 56 56
1674 56 56
1673 56 56
1672 56 56
1671 56 56
1670 56 56
1669 56 56
1668 56 56
1667 56 56
1666 56 56
1665 56 56
1664 56 56
1663 56 56
1662 56 56
1661 56 56
1660 56 56
1659 56 56
1658 56 56
1657 56 56
1656 56 56
1655 56 56
1654 56 56
1653 56 56
1652 56 56
1651 56 56
1650 56 56
1649 56 56
1648 56 56
1647 56 56
1646 56 56
1645 56 56
1644 56 56
1643 56 56
1642 56 56
1641 56 56
1640 56 56
1639 56 56
1638 56 56
1637 56 56
1636 56 56
1635 56 56
1634 56 56
1633 56 56
1632 56 56
1631 56 56
1630 56 56
1629 56 56
1628 56 56
1627 56 56
1626 56 56
1625 56 56
1624 56 56
1623 56 56
1622 56 56
1621 56 56
1620 56 56
1619 56 56
1618 56 56
1617 56 56
1616 56 56
1615 56 56
1614 56 56
1613 56 56
1612 56 56
1611 56 56
1610 56 56
1609 56 56
1608 56 56
1607 56 56
1606 56 56
1605 56 56
1604 56 56
1603 56 56
1602 56 56
1601 56 56
1600 56 56
1599 56 56
1598 56 56
1597 56 56
1596 56 56
1595 56 56
1594 56 56
1593 56 56
1592 56 56
1591 56 56
1590 56 56
1589 56 56
1588 56 56
1587 56 56
1586 56 56
1585 56 56
1584 56 56
1583 56 56
1582 56 56
1581 56 56
1580 56 56
1579 56 56
1578 56 56
1577 56 56
1576 56 56
1575 56 56
1574 56 56
1573 56 56
1572 56 56
1571 56 56
1570 56 56
1569 56 56
1568 56 56
1567 56 56
1566 56 56
1565 56 56
1564 56 56
1563 56 56
1562 56 56
1561 56 56
1560 56 56
1559 56 56
1558 56 56
1557 56 56
1556 56 56
1555 56 56
1554 56 56
1553 56 56
1552 56 56
1551 56 56
1550 56 56
1549 56 56
1548 56 56
1547 56 56
1546 56 56
1545 56 56
1544 56 56
1543 56 56
1542 56 56
1541 56 56
1540 56 56
1539 56 56
1538 56 56
1537 56 56
1536 56 56
1535 56 56
1534 56 56
1533 56 56
1532 56 56
1531 56 56
1530 56 56
1529 56 56
1528 56 56
1527 56 56
1526 56 56
1525 56 56
1524 56 56
1523 56 56
1522 56 56
1521 56 56
1520 56 56
1519 56 56
1518 56 56
1517 56 56
1516 56 56
1515 56 56
1514 56 56
1513 56 56
1512 56 56
1511 56 56
1510 56 56
1509 56 56
1508 56 56
1507 56 56
1506 56 56
1505 56 56
1504 56 56
1503 56 56
1502 56 56
1501 56 56
1500 56 56
1499 56 56
1498 56 56
1497 56 56
1496 56 56
1495 56 56
1494 56 56
1493 56 56
1492 56 56
1491 56 56
1490 56 56
1489 56 56
1488 56 56
1487 56 56
1486 56 56
1485 56 56
1484 56 56
1483 56 56
1482 56 56
1481 56 56
1480 56 56
1479 56 56
1478 56 56
1477 56 56
1476 56 56
1475 56 56
1474 56 56
1473 56 56
1472 56 56
1471 56 56
1470 56 56
1469 56 56
1468 56 56
1467 56 56
1466 56 56
1465 56 56
1464 56 56
1463 56 56
1462 56 56
1461 56 56
1460 56 56
1459 56 56
1458 56 56
1457 56 56
1456 56 56
1455 56 56
1454 56 56
1453 56 56
1452 56 56
1451 56 56
1450 56 56
1449 56 56
1448 56 56
1447 56 56
1446 56 56
1445 56 56
1444 56 56
1443 56 56
1442 56 56
1441 56 56
1440 56 56
1439 56 56
1438 56 56
1437 56 56
1436 56 56
1435 56 56
1434 56 56
1433 56 56
1432 56 56
1431 56 56
1430 56 56
1429 56 56
1428 56 56
1427 56 56
1426 56 56
1425 56 56
1424 56 56
1423 56 56
1422 56 56
1421 56 56
1420 56 56
1419 56 56
1418 56 56
1417 56 56
1416 56 56
1415 56 56
1414 56 56
1413 56 56
1412 56 56
1411 56 56
1410 56 56
1409 56 56
1408 56 56
1407 56 56
1406 56 56
1405 56 56
1404 56 56
1403 56 56
1402 56 56
1401 56 56
1400 56 56
1399 56 56
1398 56 56
1397 56 56
1396 56 56
1395 56 56
1394 56 56
1393 56 56
1392 56 56
1391 56 56
1390 56 56
1389 56 56
1388 56 56
1387 56 56
1386 56 56
1385 56 56
1384 56 56
1383 56 56
1382 56 56
1381 56 56
1380 56 56
1379 56 56
1378 56 56
1377 56 56
1376 56 56
1375 56 56
1374 56 56
1373 56 56
1372 56 56
1371 56 56
1370 56 56
1369 56 56
1368 56 56
1367 56 56
1366 56 56
1365 56 56
1364 56 56
1363 56 56
1362 56 56
1361 56 56
1360 56 56
1359 56 56
1358 56 56
1357 56 56
1356 56 56
1355 56 56
1354 56 56
1353 56 56
1352 56 56
1351 56 56
1350 56 56
1349 56 56
1348 56 56
1347 56 56
1346 56 56
1345 56 56
1344 56 56
1343 56 56
1342 56 56
1341 56 56
1340 56 56
1339 56 56
1338 56 56
1337 56 56
1336 56 56
1335 56 56
1334 56 56
1333 56 56
1332 56 56
1331 56 56
1330 56 56
1329 56 56
1328 56 56
1327 56 56
1326 56 56
1325 56 56
1324 56 56
1323 56 56
1322 56 56
1321 56 56
1320 56 56
1319 56 56
1318 56 56
1317 56 56
1316 56 56
1315 56 56
1314 56 56
1313 56 56
1312 56 56
1311 56 56
1310 56 56
1309 56 56
1308 56 56
1307 56 56
1306 56 56
1305 56 56
1304 56 56
1303 56 56
1302 56 56
1301 56 56
1300 56 56
1299 56 56
1298 56 56
1297 56 56
1296 56 56
1295 56 56
1294 56 56
1293 56 56
1292 56 56
1291 56 56
1290 56 56
1289 56 56
1288 56 56
1287 56 56
1286 56 56
1285 56 56
1284 56 56
1283 56 56
1282 56 56
1281 56 56
1280 56 56
1279 56 56
1278 56 56
1277 56 56
1276 56 56
1275 56 56
1274 56 56
1273 56 56
1272 56 56
1271 56 56
1270 56 56
1269 56 56
1268 56 56
1267 56 56
1266 56 56
1265 56 56
1264 56 56
1263 56 56
1262 56 56
1261 56 56
1260 56 56
1259 56 56
1258 56 56
1257 56 56
1256 56 56
1255 56 56
1254 56 56
1253 56 56
1252 56 56
1251 56 56
1250 56 56
1249 56 56
1248 56 56
1247 56 56
1246 56 56
1245 56 56
1244 56 56
1243 56 56
1242 56 56
1241 56 56
1240 56 56
1239 56 56
1238 56 56
1237 56 56
1236 56 56
1235 56 56
1234 56 56
1233 56 56
1232 56 56
1231 56 56
1230 56 56
1229 56 56
1228 56 56
1227 56 56
1226 56 56
1225 56 56
1224 56 56
1223 56 56
1222 56 56
1221 56 56
1220 56 56
1219 56 56
1218 56 56
1217 56 56
1216 56 56
1215 56 56
1214 56 56
1213 56 56
1212 56 56
1211 56 56
1210 56 56
1209 56 56
1208 56 56
1207 56 56
1206 56 56
1205 56 56
1204 56 56
1203 56 56
1202 56 56
1201 56 56
1200 56 56
1199 56 56
1198 56 56
1197 56 56
1196 56 56
1195 56 56
1194 56 56
1193 56 56
1192 56 56
1191 56 56
1190 56 56
1189 56 56
1188 56 56
1187 56 56
1186 56 56
1185 56 56
1184 56 56
1183 56 56
1182 56 56
1181 56 56
1180 56 56
1179 56 56
1178 56 56
1177 56 56
1176 56 56
1175 56 56
1174 56 56
1173 56 56
1172 56 56
1171 56 56
1170 56 56
1169 56 56
1168 56 56
1167 56 56
1166 56 56
1165 56 56
1164 56 56
1163 56 56
1162 56 56
1161 56 56
1160 56 56
1159 56 56
1158 56 56
1157 56 56
1156 56 56
1155 56 56
1154 56 56
1153 56 56
1152 56 56
1151 56 56
1150 56 56
1149 56 56
1148 56 56
1147 56 56
1146 56 56
1145 56 56
1144 56 56
1143 56 56
1142 56 56
1141 56 56
1140 56 56
1139 56 56
1138 56 56
1137 56 56
1136 56 56
1135 56 56
1134 56 56
1133 56 56
1132 56 56
1131 56 56
1130 56 56
1129 56 56
1128 56 56
1127 56 56
1126 56 56
1125 56 56
1124 56 56
1123 56 56
1122 56 56
1121 56 56
1120 56 56
1119 56 56
1118 56 56
1117 56 56
1116 56 56
1115 56 56
1114 56 56
1113 56 56
1112 56 56
1111 56 56
1110 56 56
1109 56 56
1108 56 56
1107 56 56
1106 56 56
1105 56 56
1104 56 56
1103 56 56
1102 56 56
1101 56 56
1100 56 56
1099 56 56
1098 56 56
1097 56 56
1096 56 56
1095 56 56
1094 56 56
1093 56 56
1092 56 56
1091 56 56
1090 56 56
1089 56 56
1088 56 56
1087 56 56
1086 56 56
1085 56 56
1084 56 56
1083 56 56
1082 56 56
1081 56 56
1080 56 56
1079 56 56
1078 56 56
1077 56 56
1076 56 56
1075 56 56
1074 56 56
1073 56 56
1072 56 56
1071 56 56
1070 56 56
1069 56 56
1068 56 56
1067 56 56
1066 56 56
1065 56 56
1064 56 56
1063 56 56
1062 56 56
1061 56 56
1060 56 56
1059 56 56
1058 56 56
1057 56 56
1056 56 56
1055 56 56
1054 56 56
1053 56 56
1052 56 56
1051 56 56
1050 56 56
1049 56 56
1048 56 56
1047 56 56
1046 56 56
1045 56 56
1044 56 56
1043 56 56
1042 56 56
1041 56 56
1040 56 56
1039 56 56
1038 56 56
1037 56 56
1036 56 56
1035 56 56
1034 56 56
1033 56 56
1032 56 56
1031 56 56
1030 56 56
1029 56 56
1028 56 56
1027 56 56
1026 56 56
1025 56 56
1024 56 56
1023 56 56
1022 56 56
1021 56 56
1020 56 56
1019 56 56
1018 56 56
1017 56 56
1016 56 56
1015 56 56
1014 56 56
1013 56 56
1012 56 56
1011 56 56
1010 56 56
1009 56 56
1008 56 56
1007 56 56
1006 56 56
1005 56 56
1004 56 56
1003 56 56
1002 56 56
1001 56 56
1000 56 56
999 56 56
998 56 56
997 56 56
996 56 56
995 56 56
994 56 56
993 56 56
992 56 56
991 56 56
990 56 56
989 56 56
988 56 56
987 56 56
986 56 56
985 56 56
984 56 56
983 56 56
982 56 56
981 56 56
980 56 56
979 56 56
978 56 56
977 56 56
976 56 56
975 56 56
974 56 56
973 56 56
972 56 56
971 56 56
970 56 56
969 56 56
968 56 56
967 56 56
966 56 56
965 56 56
964 56 56
963 56 56
962 56 56
961 56 56
960 56 56
959 56 56
958 56 56
957 56 56
956 56 56
955 56 56
954 56 56
953 56 56
952 56 56
951 56 56
950 56 56
949 56 56
948 56 56
947 56 56
946 56 56
945 56 56
944 56 56
943 56 56
942 56 56
941 56 56
940 56 56
939 56 56
938 56 56
937 56 56
936 56 56
935 56 56
934 56 56
933 56 56
932 56 56
931 56 56
930 56 56
929 56 56
928 56 56
927 56 56
926 56 56
925 56 56
924 56 56
923 56 56
922 56 56
921 56 56
920 56 56
919 56 56
918 56 56
917 56 56
916 56 56
915 56 56
914 56 56
913 56 56
912 56 56
911 56 56
910 56 56
909 56 56
908 56 56
907 56 56
906 56 56
905 56 56
904 56 56
903 56 56
902 56 56
901 56 56
900 56 56
899 56 56
898 56 56
897 56 56
896 56 56
895 56 56
894 56 56
893 56 56
892 56 56
891 56 56
890 56 56
889 56 56
888 56 56
887 56 56
886 56 56
885 56 56
884 56 56
883 56 56
882 56 56
881 56 56
880 56 56
879 56 56
878 56 56
877 56 56
876 56 56
875 56 56
874 56 56
873 56 56
872 56 56
871 56 56
870 56 56
869 56 56
868 56 56
867 56 56
866 56 56
865 56 56
864 56 56
863 56 56
862 56 56
861 56 56
860 56 56
859 56 56
858 56 56
857 56 56
856 56 56
855 56 56
854 56 56
853 56 56
852 56 56
851 56 56
850 56 56
849 56 56
848 56 56
847 56 56
846 56 56
845 56 56
844 56 56
843 56 56
842 56 56
841 56 56
840 56 56
839 56 56
838 56 56
837 56 56
836 56 56
835 56 56
834 56 56
833 56 56
832 56 56
831 56 56
830 56 56
829 56 56
828 56 56
827 56 56
826 56 56
825 56 56
824 56 56
823 56 56
822 56 56
821 56 56
820 56 56
819 56 56
818 56 56
817 56 56
816 56 56
815 56 56
814 56 56
813 56 56
812 56 56
811 56 56
810 56 56
809 56 56
808 56 56
807 56 56
806 56 56
805 56 56
804 56 56
803 56 56
802 56 56
801 56 56
800 56 56
799 56 56
798 56 56
797 56 56
796 56 56
795 56 56
794 56 56
793 56 56
792 56 56
791 56 56
790 56 56
789 56 56
788 56 56
787 56 56
786 56 56
785 56 56
784 56 56
783 56 56
782 56 56
781 56 56
780 56 56
779 56 56
778 56 56
777 56 56
776 56 56
775 56 56
774 56 56
773 56 56
772 56 56
771 56 56
770 56 56
769 56 56
768 56 56
767 56 56
766 56 56
765 56 56
764 56 56
763 56 56
762 56 56
761 56 56
760 56 56
759 56 56
758 56 56
757 56 56
756 56 56
755 56 56
754 56 56
753 56 56
752 56 56
751 56 56
750 56 56
749 56 56
748 56 56
747 56 56
746 56 56
745 56 56
744 56 56
743 56 56
742 56 56
741 56 56
740 56 56
739 56 56
738 56 56
737 56 56
736 56 56
735 56 56
734 56 56
733 56 56
732 56 56
731 56 56
730 56 56
729 56 56
728 56 56
727 56 56
726 56 56
725 56 56
724 56 56
723 56 56
722 56 56
721 56 56
720 56 56
719 56 56
718 56 56
717 56 56
716 56 56
715 56 56
714 56 56
713 56 56
712 56 56
711 56 56
710 56 56
709 56 56
708 56 56
707 56 56
706 56 56
705 56 56
704 56 56
703 56 56
702 56 56
701 56 56
700 56 56
699 56 56
698 56 56
697 56 56
696 56 56
695 56 56
694 56 56
693 56 56
692 56 56
691 56 56
690 56 56
689 56 56
688 56 56
687 56 56
686 56 56
685 56 56
684 56 56
683 56 56
682 56 56
681 56 56
680 56 56
679 56 56
678 56 56
677 56 56
676 56 56
675 56 56
674 56 56
673 56 56
672 56 56
671 56 56
670 56 56
669 56 56
668 56 56
667 56 56
666 56 56
665 56 56
664 56 56
663 56 56
662 56 56
661 56 56
660 56 56
659 56 56
658 56 56
657 56 56
656 56 56
655 56 56
654 56 56
653 56 56
652 56 56
651 56 56
650 56 56
649 56 56
648 56 56
647 56 56
646 56 56
645 56 56
644 56 56
643 56 56
642 56 56
641 56 56
640 56 56
639 56 56
638 56 56
637 56 56
636 56 56
635 56 56
634 56 56
633 56 56
632 56 56
631 56 56
630 56 56
629 56 56
628 56 56
627 56 56
626 56 56
625 56 56
624 56 56
623 56 56
622 56 56
621 56 56
620 56 56
619 56 56
618 56 56
617 56 56
616 56 56
615 56 56
614 56 56
613 56 56
612 56 56
611 56 56
610 56 56
609 56 56
608 56 56
607 56 56
606 56 56
605 56 56
604 56 56
603 56 56
602 56 56
601 56 56
600 56 56
599 56 56
598 56 56
597 56 56
596 56 56
595 56 56
594 56 56
593 56 56
592 56 56
591 56 56
590 56 56
589 56 56
588 56 56
587 56 56
586 56 56
585 56 56
584 56 56
583 56 56
582 56 56
581 56 56
580 56 56
579 56 56
578 56 56
577 56 56
576 56 56
575 56 56
574 56 56
573 56 56
572 56 56
571 56 56
570 56 56
569 56 56
568 56 56
567 56 56
566 56 56
565 56 56
564 56 56
563 56 56
562 56 56
561 56 56
560 56 56
559 56 56
558 56 56
557 56 56
556 56 56
555 56 56
554 56 56
553 56 56
552 56 56
551 56 56
550 56 56
549 56 56
548 56 56
547 56 56
546 56 56
545 56 56
544 56 56
543 56 56
542 56 56
541 56 56
540 56 56
539 56 56
538 56 56
537 56 56
536 56 56
535 56 56
534 56 56
533 56 56
532 56 56
531 56 56
530 56 56
529 56 56
528 56 56
527 56 56
526 56 56
525 56 56
524 56 56
523 56 56
522 56 56
521 56 56
520 56 56
519 56 56
518 56 56
517 56 56
516 56 56
515 56 56
514 56 56
513 56 56
512 56 56
511 56 56
510 56 56
509 56 56
508 56 56
507 56 56
506 56 56
505 56 56
504 56 56
503 56 56
502 56 56
501 56 56
500 56 56
499 56 56
498 56 56
497 56 56
496 56 56
495 56 56
494 56 56
493 56 56
492 56 56
491 56 56
490 56 56
489 56 56
488 56 56
487 56 56
486 56 56
485 56 56
484 56 56
483 56 56
482 56 56
481 56 56
480 56 56
479 56 56
478 56 56
477 56 56
476 56 56
475 56 56
474 56 56
473 56 56
472 56 56
471 56 56
470 56 56
469 56 56
468 56 56
467 56 56
466 56 56
465 56 56
464 56 56
463 56 56
462 56 56
461 56 56
460 56 56
459 56 56
458 56 56
457 56 56
456 56 56
455 56 56
454 56 56
453 56 56
452 56 56
451 56 56
450 56 56
449 56 56
448 56 56
447 56 56
446 56 56
445 56 56
444 56 56
443 56 56
442 56 56
441 56 56
440 56 56
439 56 56
438 56 56
437 56 56
436 56 56
435 56 56
434 56 56
433 56 56
432 56 56
431 56 56
430 56 56
429 56 56
428 56 56
427 56 56
426 56 56
425 56 56
424 56 56
423 56 56
422 56 56
421 56 56
420 56 56
419 56 56
418 56 56
417 56 56
416 56 56
415 56 56
414 56 56
413 56 56
412 56 56
411 56 56
410 56 56
409 56 56
408 56 56
407 56 56
406 56 56
405 56 56
404 56 56
403 56 56
402 56 56
401 56 56
400 56 56
399 56 56
398 56 56
397 56 56
396 56 56
395 56 56
394 56 56
393 56 56
392 56 56
391 56 56
390 56 56
389 56 56
388 56 56
387 56 56
386 56 56
385 56 56
384 56 56
383 56 56
382 56 56
381 56 56
380 56 56
379 56 56
378 56 56
377 56 56
376 56 56
375 56 56
374 56 56
373 56 56
372 56 56
371 56 56
370 56 56
369 56 56
368 56 56
367 56 56
366 56 56
365 56 56
364 56 56
363 56 56
362 56 56
361 56 56
360 56 56
359 56 56
358 56 56
357 56 56
356 56 56
355 56 56
354 56 56
353 56 56
352 56 56
351 56 56
350 56 56
349 56 56
348 56 56
347 56 56
346 56 56
345 56 56
344 56 56
343 56 56
342 56 56
341 56 56
340 56 56
339 56 56
338 56 56
337 56 56
336 56 56
335 56 56
334 56 56
333 56 56
332 56 56
331 56 56
330 56 56
329 56 56
328 56 56
327 56 56
326 56 56
325 56 56
324 56 56
323 56 56
322 56 56
321 56 56
320 56 56
319 56 56
318 56 56
317 56 56
316 56 56
315 56 56
314 56 56
313 56 56
312 56 56
311 56 56
310 56 56
309 56 56
308 56 56
307 56 56
306 56 56
305 56 56
304 56 56
303 56 56
302 56 56
301 56 56
300 56 56
299 56 56
298 56 56
297 56 56
296 56 56
295 56 56
294 56 56
293 56 56
292 56 56
291 56 56
290 56 56
289 56 56
288 56 56
287 56 56
286 56 56
285 56 56
284 56 56
283 56 56
282 56 56
281 56 56
280 56 56
279 56 56
278 56 56
277 56 56
276 56 56
275 56 56
274 56 56
273 56 56
272 56 56
271 56 56
270 56 56
269 56 56
268 56 56
267 56 56
266 56 56
265 56 56
264 56 56
263 56 56
262 56 56
261 56 56
260 56 56
259 56 56
258 56 56
257 56 56
256 56 56
255 56 56
254 56 56
253 56 56
252 56 56
251 56 56
250 56 56
249 56 56
248 56 56
247 56 56
246 56 56
245 56 56
244 56 56
243 56 56
242 56 56
241 56 56
240 56 56
239 56 56
238 56 56
237 56 56
236 56 56
235 56 56
234 56 56
233 56 56
232 56 56
231 56 56
230 56 56
229 56 56
228 56 56
227 56 56
226 56 56
225 56 56
224 56 56
223 56 56
222 56 56
221 56 56
220 56 56
219 56 56
218 56 56
217 56 56
216 56 56
215 56 56
214 56 56
213 56 56
212 56 56
211 56 56
210 56 56
209 56 56
208 56 56
207 56 56
206 56 56
205 56 56
204 56 56
203 56 56
202 56 56
201 56 56
200 56 56
199 56 56
198 56 56
197 56 56
196 56 56
195 56 56
194 56 56
193 56 56
192 56 56
191 56 56
190 56 56
189 56 56
188 56 56
187 56 56
186 56 56
185 56 56
184 56 56
183 56 56
182 56 56
181 56 56
180 56 56
179 56 56
178 56 56
177 56 56
176 56 56
175 56 56
174 56 56
173 56 56
172 56 56
171 56 56
170 56 56
169 56 56
168 56 56
167 56 56
166 56 56
165 56 56
164 56 56
163 56 56
162 56 56
161 56 56
160 56 56
159 56 56
158 56 56
157 56 56
156 56 56
155 56 56
154 56 56
153 56 56
152 56 56
151 56 56
150 56 56
149 56 56
148 56 56
147 56 56
146 56 56
145 56 56
144 56 56
143 56 56
142 56 56
141 56 56
140 56 56
139 56 56
138 56 56
137 56 56
136 56 56
135 56 56
134 56 56
133 56 56
132 56 56
131 56 56
130 56 56
129 56 56
128 56 56
127 56 56
126 56 56
125 56 56
124 56 56
123 56 56
122 56 56
121 56 56
120 56 56
119 56 56
118 56 56
117 56 56
116 56 56
115 56 56
114 56 56
113 56 56
112 56 56
111 56 56
110 56 56
109 56 56
108 56 56
107 56 56
106 56 56
105 56 56
104 56 56
103 56 56
102 56 56
101 56 56
100 56 56
99 56 56
98 56 56
97 56 56
96 56 56
95 56 56
94 56 56
93 56 56
92 56 56
91 56 56
90 56 56
89 56 56
88 56 56
87 56 56
86 56 56
85 56 56
84 56 56
83 56 56
82 56 56
81 56 56
80 56 56
79 56 56
78 56 56
77 56 56
76 56 56
75 56 56
74 56 56
73 56 56
72 56 56
71 56 56
70 56 56
69 56 56
68 56 56
67 56 56
66 56 56
65 56 56
64 56 56
63 56 56
62 56 56
61 56 56
60 56 56
59 56 56
58 56 56
57 56 56
56 56 56
55 56 56
54 56 56
53 56 56
52 56 56
51 56 56
50 56 56
49 56 56
48 56 56
47 56 56
46 56 56
45 56 56
44 56 56
43 56 56
42 56 56
41 56 56
40 56 56
39 56 56
38 56 56
37 56 56
36 56 56
35 56 56
34 56 56
33 56 56
32 56 56
31 56 56
30 56 56
29 56 56
28 56 56
27 56 56
26 56 56
25 56 56
24 56 56
23 56 56
22 56 56
21 56 56
20 56 56
19 56 56
18 56 56
17 56 56
16 56 56
15 56 56
14 56 56
13 56 56
12 56 56
11 56 56
10 56 56
9 56 56
8 56 56
7 56 56
6 56 56
5 56 56
4 56 56
3 56 56
2 56 56
1 56 56
